 0000  
0    0 
0    0 
0    0 
0    0 
0    0 
0    0 
0    0 
0    0 
 0000  
  111  
 1111  
   11  
   11  
   11  
   11  
   11  
   11  
   11  
111111 
22222  
     2 
     2 
     2 
    2  
    2  
   2   
  2    
2      
222222 
3333   
    3  
     3 
    3  
   3   
    3  
     3 
     3 
    3  
3333   
   4   
  44   
 4 4   
4  4   
444444 
    4  
    4  
    4  
    4  
    4  
55555  
5      
5      
5      
55555  
     5 
     5 
     5 
     5 
55555  
666666 
6      
6      
6      
6 6666 
6    6 
6    6 
6    6 
6    6 
 6666  
77777  
     7 
     7 
     7 
   7   
 7     
7      
7      
7      
7      
 8888  
8    8 
8    8 
8    8 
 8888  
8    8 
8    8 
8    8 
8    8 
 8888  
 9999  
9    9 
9    9 
9    9 
 99999 
     9 
     9 
     9 
    9  
9999   